unknown -16.3636 -19.4829 -0.0107703 0.949203 0.34754 0.902889 -1.57089
unknown -6.5255 -18.6508 2.0409 1.69693 1.49827 3.40498 -1.57089
unknown -17.831 -18.4751 0.444107 0.848564 0.673494 1.8202 -1.57089
unknown -9.48767 -18.6968 1.11366 0.816586 0.330835 1.48185 -3.1415
unknown -0.952912 -18.6825 0.00286336 0.708421 0.380867 0.671869 -3.1415
unknown -4.56699 -16.799 1.84997 4.09778 2.30546 3.14479 -1.57089
unknown -13.9706 -17.639 -0.386297 0.596952 0.195429 0.0319319 -1.57089
unknown -21.3171 -17.1215 -0.470451 0.788189 0.48098 0.0365303 -1.57089
unknown -19.2823 -17.3973 -0.446395 0.61458 0.353088 0.0154558 -3.1415
unknown 0.465497 -16.9974 -0.291978 0.312008 0.205467 0.0172139 -1.57089
unknown -16.8724 -16.7876 -0.410996 0.929693 0.480286 0.0217216 -3.1415
unknown -25.5542 -16.4339 -0.522362 0.314049 0.0660381 0.015033 -1.57089
unknown -16.0782 -15.4231 0.00101903 0.825694 0.251073 0.81335 -1.57089
unknown -11.2099 -12.4122 1.38026 7.47045 7.2672 4.20784 -3.1415
unknown -19.0605 -13.9804 0.00721334 3.29383 2.86012 0.97343 -3.10662
unknown -23.506 -14.9375 -0.479301 0.970977 0.855545 0.0418572 -1.57089
unknown -6.09582 -12.0138 1.11149 13.757 5.49822 4.58519 3.08937
unknown -15.688 -13.5625 0.00409156 0.890672 0.493263 0.763466 -1.57089
unknown -14.7038 -12.5729 0.000418812 0.584517 0.373987 0.698182 -1.57089
unknown -21.9474 -11.2036 1.40088 5.24007 3.9639 3.67445 -1.57089
unknown 9.51319 -12.3804 -0.804572 0.508495 0.079217 0.0133572 9.71085e-05
unknown -14.8749 -11.177 -0.345891 2.90595 1.20562 1.27755 2.4264
smallMot -3.9818 -9.62824 -0.956494 2.27495 1.04133 0.908045 -2.67933
unknown -6.94187 -8.58922 -1.13366 1.50418 0.065702 0.431647 -3.0979
unknown 28.7205 -7.32789 -0.509203 1.32514 0.116137 0.0564383 -1.57089
unknown 30.4285 -6.57307 -0.534953 1.98812 0.0337596 0.044398 9.71085e-05
smallMot -21.5589 -5.10959 -0.732331 2.16362 1.28914 0.774412 -3.1415
unknown 39.4275 -4.1481 -0.682479 1.23103 0.118191 0.0503809 -1.57089
bigMot 4.55874 -3.12068 -0.0557817 8.87696 2.4 2.97902 0.0785752
smallMot -6.23273 -2.85377 -0.824721 4.32921 1.87067 1.46251 3.12425
unknown -47.2476 -2.57665 -0.813487 0.585629 0.0736961 0.0238649 -1.57089
unknown -14.9345 -2.32325 -1.30868 0.651783 0.092803 0.0271506 -1.57089
unknown 13.2318 -0.2135 -1.1502 1.1435 0.688802 0.102697 -1.57089
unknown 28.7446 -0.327545 -0.494737 0.362601 0.0615711 0.0143547 -1.57089
smallMot -9.91509 0.616595 -1.11393 3.70246 1.78723 1.12123 -3.1415
smallMot 11.3932 3.56989 -1.19979 3.26891 1.68685 1.20559 -0.0347828
unknown -41.1951 3.2508 -0.710273 0.502496 0.0806389 0.0182527 1.5707
smallMot -12.75 3.99473 -0.990358 2.41914 1.61254 1.53386 -3.1415
unknown -16.1952 4.36748 -0.865358 1.05302 0.294645 0.0408165 1.5707
unknown -21.9335 9.21872 -1.20979 1.8 1.64978 0.0403016 -3.1415
unknown -3.51339 10.1581 0.24338 24.5384 5.06615 4.76918 -3.13278
unknown 47.8225 9.02387 -0.836829 0.86286 0.354694 0.0385566 1.5707
unknown -43.1727 8.9763 -0.759049 0.398979 0.377158 0.0161526 -3.1415
unknown 36.6629 9.45284 -0.653136 1.09183 0.826607 0.0497828 1.5707
unknown 42.4934 9.26141 -0.749789 0.847885 0.692592 0.0388609 9.71085e-05
unknown 15.3029 9.90735 0.332701 5.37028 2.47778 4.049 -0.244079
unknown 10.054 10.0793 0.331413 7.26011 3.09142 4.40741 9.71085e-05
bigMot 21.7753 10.1629 -0.4477 3.48973 1.56626 1.79401 9.71085e-05
unknown 24.8296 9.96332 -0.90672 1.27875 0.809959 0.937361 1.5707
unknown 27.1362 9.72598 -0.97875 1.0075 0.889542 0.982866 1.5707
unknown 31.9973 9.93987 -0.579091 1.16894 1.00298 0.0482081 9.71085e-05
unknown -25.8349 9.80596 -0.474876 0.429256 0.29505 0.0144937 -3.1415
unknown -18.1562 8.89091 0.703093 3.2076 2.31372 3.51582 2.03356
unknown -20.4091 10.2148 -0.78449 0.328064 0.214296 0.796978 1.5707
unknown -16.6055 9.70734 -0.0969414 4.49049 3.85979 3.41303 1.5707
unknown 19.1713 10.7305 -0.377649 0.693403 0.235215 0.0211535 9.71085e-05
unknown -23.9719 11.7108 -1.37614 0.703879 0.106882 0.0146978 1.5707
pedestrian -4.24846 13.7855 -1.50511 0.41768 0.293316 0.50613 -3.1415
unknown 31.8028 16.8521 -1.85585 0.304867 0.139027 0.0117373 1.5707
unknown 11.4888 17.0998 -1.78386 0.782981 0.114225 0.038574 9.71085e-05
