unknown -17.2221 -19.626 -0.448125 0.640017 0.539494 0.0273376 -3.14147
unknown -7.05396 -18.2388 1.31569 2.17721 1.83487 3.35574 -2.69678
unknown -18.3904 -18.6431 0.00127709 1.05193 0.651745 0.960133 -1.57092
unknown -20.8342 -18.2659 -0.47604 1.06173 0.951088 0.0541588 -3.14147
unknown -1.7532 -18.61 0.332144 0.56548 0.359035 0.0110877 -3.14147
unknown -4.93 -17.1167 1.88689 2.18382 1.83534 3.18717 -1.57092
unknown -1.47195 -17.4279 -0.300031 0.794907 0.516467 0.0476396 -1.57092
unknown -17.3098 -16.9992 -0.415643 0.771072 0.115892 0.00828993 -3.14147
unknown -26.1445 -16.4013 0.00488782 0.312027 0.0847054 1.08775 1.57067
unknown -14.7893 -15.7292 -0.371572 0.930737 0.554203 0.0477381 -1.57092
unknown -16.4768 -15.3888 0.00377461 0.777387 0.600212 0.822617 1.57067
unknown -10.7448 -14.2429 1.60065 3.96349 3.09208 3.94944 -2.51363
unknown -24.2739 -14.638 -0.48757 0.504815 0.091814 0.0252692 -1.57092
unknown -19.0242 -13.554 -0.0014534 3.57374 2.07053 0.921422 0.000123803
unknown -8.42332 -11.4872 1.12166 17.5926 5.4697 4.70552 3.02836
unknown -16.5559 -12.9701 0.374507 0.315127 0.133707 0.0119799 -1.57092
unknown -22.1824 -11.1687 1.35513 3.94397 3.27712 3.63278 -1.80672
unknown 8.6107 -12.3732 -0.776633 0.311529 0.131163 0.0196893 0.000123803
unknown -4.28857 -9.36821 -0.946159 1.57642 0.71498 0.842904 -2.81014
unknown -7.53345 -8.56241 -1.18567 1.57703 0.099062 0.478551 -3.14147
smallMot 30.2761 -7.28455 0.0119805 3.22962 1.66527 1.10056 0.000123803
smallMot -21.5206 -5.0374 -0.749446 1.78312 0.86228 0.794836 -2.88861
bigMot 4.12127 -3.40467 -0.0295454 8.23645 2.4 2.88284 3.133
unknown 39.5404 -4.09214 -0.683975 1.21949 0.222462 0.0487895 1.57067
smallMot -6.43974 -2.87634 -0.842384 4.344 1.88625 1.4869 -3.14147
unknown -15.064 -2.92932 -1.32852 0.500649 0.35931 0.0574116 -1.57092
unknown 13.4054 -0.0193592 -0.981629 1.5749 0.77617 0.493687 1.57067
smallMot -9.45828 0.632924 -1.2517 2.75299 1.70528 0.834508 0.000123803
smallMot 11.7617 3.59582 -1.1878 3.56134 1.69038 1.16751 -0.0260344
smallMot -12.7529 3.95985 -1.21191 2.17089 1.60446 1.09489 -3.14147
unknown -15.0622 3.76847 -0.263344 1.49906 0.39852 0.0367827 -2.68806
unknown -16.3105 4.66507 -0.874885 0.539036 0.403908 0.032261 1.57067
unknown -16.4821 9.4889 0.361521 5.82145 5.02878 4.37379 0.000123803
unknown -21.9142 8.73621 -1.21655 0.586294 0.471237 0.0350623 0.000123803
unknown -43.8375 9.00057 -0.769219 0.634525 0.60332 0.0297712 -3.14147
unknown 1.91454 10.0051 0.26209 29.8084 5.01925 4.76417 0.000123835
unknown 47.3099 9.01379 -0.827821 0.814265 0.41983 0.0406897 -1.57092
unknown -29.1572 9.33965 0.0117956 2.55341 1.07023 1.11785 -2.74038
unknown 36.0671 9.4817 -0.642401 1.11757 0.787239 0.0489504 1.57067
unknown 41.895 9.34598 -0.73915 0.738499 0.67516 0.0395817 -3.14147
unknown 24.1507 9.6497 -0.881783 1.04406 0.614633 0.897826 0.000123803
unknown 26.0959 9.71601 -0.965846 1.76864 0.923923 0.974633 -3.14147
unknown -22.3174 9.76499 -1.25713 0.642323 0.633841 0.0330272 1.57067
unknown 20.3833 10.2409 -0.39604 2.21318 0.761758 1.66781 -0.671516
unknown 22.4582 9.73776 -1.26299 0.80372 0.687591 0.0512 0.000123803
unknown 31.3533 9.99811 -0.571026 1.10336 1.08473 0.0536325 1.57067
unknown -20.9572 10.234 -0.80278 0.282993 0.238653 0.814319 1.57067
unknown 24.3503 10.4667 -0.454996 0.45689 0.355653 0.0210941 -3.14147
unknown 18.3297 10.9266 0.00988121 1.19196 1.15827 0.795957 0.000123803
unknown -24.8078 11.5242 -1.40929 0.423412 0.3665 0.0169523 -3.14147
unknown -8.40528 11.6774 -1.75803 0.462658 0.415956 0.0540609 -3.14147
unknown -5.52579 13.882 -1.55536 0.504577 0.2671 0.51299 -3.14147
unknown 30.9845 16.7354 -1.21332 1.31224 0.738207 1.22478 0.000123803
unknown 10.2873 17.2974 -1.74453 0.817524 0.228779 0.0379412 0.000123803
