unknown -17.9583 -19.5691 -0.457302 0.749531 0.67927 0.0402128 -3.14148
unknown -19.189 -18.7842 -0.00411342 1.48604 1.03586 1.00494 -1.5709
unknown -2.07956 -18.6093 -0.00671563 0.997677 0.873017 0.692092 1.57069
unknown -21.208 -18.3173 -0.480505 1.30957 0.731512 0.0379186 -3.14148
unknown -7.43684 -18.4008 -0.34113 0.811295 0.124217 0.0477519 1.57069
unknown -5.73267 -17.7453 1.2924 0.841591 0.38351 1.94456 -1.5709
unknown -6.13565 -17.0573 -0.311572 0.7899 0.400057 0.0468162 -1.5709
unknown -2.08574 -16.9832 -0.29384 0.611017 0.316467 0.0369059 -1.5709
unknown -18.4131 -16.7463 -0.427831 0.49169 0.380018 0.0237691 -1.5709
unknown -26.7494 -16.4044 -0.539357 0.288559 0.0742569 0.0142248 -1.5709
unknown -19.3857 -15.6364 -0.428531 0.252526 0.178179 0.0129087 -1.5709
unknown -10.2512 -14.761 1.62212 5.88617 4.97967 3.98711 0.000108041
unknown -6.43931 -14.8662 1.67336 1.12933 0.39729 3.94661 -1.5709
unknown -3.02348 -12.1054 1.13518 6.00913 5.54783 4.82917 -1.5709
unknown -24.9495 -14.6467 -0.497835 0.602674 0.152853 0.0305676 -1.5709
unknown 3.05708 -14.6767 0.267063 0.294396 0.194051 0.00447059 0.000108041
unknown -20.7338 -13.8744 0.0161915 2.71288 1.33775 0.963175 2.94987
unknown -18.1921 -14.1101 -0.00282317 0.726971 0.713177 0.83159 -1.5709
unknown -16.8026 -13.9126 0.388608 0.838621 0.191114 0.0290575 -1.5709
unknown -6.92913 -13.0026 -0.658618 6.39741 2.64266 0.940385 -3.14148
unknown -19.4859 -12.4207 0.0063398 1.07122 0.630323 0.858019 -1.5709
unknown 8.13718 -12.3734 -0.761818 1.12152 0.168414 0.0386882 -3.14148
unknown -23.2802 -11.4038 1.47881 4.50544 4.16707 3.86933 -1.58837
unknown -11.367 -12.6689 -0.415057 8.4385 2.4 1.62276 3.06323
unknown -17.3092 -10.8535 -1.05327 0.947432 0.340279 0.0181011 -3.14148
unknown -14.1796 -9.4448 -0.878489 0.233719 0.0839615 0.0198562 -1.5709
unknown -8.14825 -8.55815 -1.20487 1.53214 0.0954142 0.447794 -3.14148
smallMot 30.0025 -7.37166 -0.017612 2.50874 1.831 1.06161 0.000108041
unknown -39.7628 -7.33258 -0.694687 0.542896 0.407765 0.0136687 -3.14148
smallMot -21.9271 -5.1194 -0.766003 2.18653 1.18079 0.826573 -3.14148
unknown -33.2962 -4.45116 -0.577545 0.654421 0.156963 0.0310287 -1.5709
unknown 39.5939 -4.1676 -0.685531 1.24069 0.20422 0.0529506 -1.5709
bigMot 4.1999 -3.06705 -0.118907 8.95274 2.4 2.79125 -3.0543
smallMot -6.64188 -2.90682 -0.86109 4.38943 1.8 1.51393 3.08939
unknown -15.2488 -2.63087 -1.34017 1.20473 0.250306 0.0865638 -1.5709
unknown -41.8951 -0.170328 -0.72028 1.18002 0.163773 0.0521988 -1.5709
unknown 13.5051 0.0157156 -0.969238 1.47502 0.750916 0.45069 1.57069
smallMot -10.0118 0.633152 -1.25838 3.81817 1.80449 0.838548 -3.14148
unknown 14.162 2.71724 -1.2482 0.845315 0.0211687 0.0766078 0.000108041
smallMot 11.5859 3.57244 -1.3755 2.87839 1.65536 0.854421 -0.0434866
smallMot -12.8725 3.93961 -1.22345 2.19475 1.5807 1.10516 -3.14148
unknown -26.4567 4.2702 -1.38184 0.251491 0.0507774 0.01099 1.57069
unknown -31.443 7.40009 0.612323 4.32655 1.8 2.32468 0.55815
unknown -17.2948 9.07011 -0.0354038 3.65952 2.50168 3.5719 -2.26066
unknown 46.6543 9.04795 -0.818816 0.97306 0.548164 0.046505 1.57069
unknown -44.4398 8.89867 -0.779015 0.686573 0.575537 0.0307115 -3.14148
unknown -0.593606 10.3939 0.217004 26.1831 4.01697 4.76123 -3.13277
unknown -41.1119 9.17473 -0.724505 0.568246 0.514732 0.0272074 1.57069
unknown 35.5052 9.49206 -0.631725 1.08751 0.914547 0.0496787 1.57069
unknown 14.4134 9.95844 0.268967 4.85939 2.85212 3.94809 0.000108041
unknown 41.0268 9.34186 -0.723248 0.663775 0.61272 0.039173 1.57069
unknown 26.0947 9.75077 -0.967596 1.38674 0.887911 1.00265 -3.14148
unknown 20.6042 10.2216 -0.0464748 3.35576 1.59685 2.48666 0.000108041
unknown 23.9953 10.2542 0.0645511 2.1485 1.07372 2.7805 1.0904
unknown 30.7652 10.0388 -0.562466 1.21847 1.15166 0.0564735 1.57069
unknown -11.3024 9.72846 0.403979 6.16385 3.01014 4.33053 0.898383
unknown -15.2385 8.37082 0.347456 2.82649 2.35124 3.67003 -2.55728
unknown -20.944 8.66278 0.630987 3.93176 3.36163 3.75304 1.94627
unknown -14.7616 10.9489 -1.59016 1.21131 0.52255 0.0781018 0.000108041
unknown 17.6779 10.7918 -0.355996 0.190664 0.175077 0.009884 -1.5709
unknown -18.9237 11.4292 -1.53784 0.99614 0.865818 0.767247 1.57069
unknown -25.2924 11.5925 -1.43143 0.669374 0.466078 0.0270135 1.57069
unknown -17.3152 11.247 -1.06464 0.180864 0.113111 0.0085485 -3.14148
unknown -16.3872 11.5511 -1.38159 0.625891 0.496787 0.707888 -3.14148
unknown 7.53038 11.5353 -1.43642 0.303056 0.287273 0.503306 1.57069
unknown -7.12905 13.8747 -1.62348 0.36799 0.307162 0.534574 -3.14148
unknown 29.1262 16.4471 -1.72479 0.820038 0.252563 0.0453452 0.000108041
