smallMot -1.32156 -10.1146 -0.558668 2.41154 1.1565 1.47739 -3.14147
smallMot 30.2761 -7.28455 0.0119805 3.22962 1.66527 1.10056 0.000123803
smallMot -21.5206 -5.0374 -0.749446 1.78312 0.86228 0.794836 -2.88861
bigMot 4.25392 -2.65795 -0.0596584 9.02636 2.4 2.88284 -2.93221
smallMot -6.43486 -2.87721 -0.863377 4.35351 1.88625 1.52898 -3.14147
smallMot 13.9186 0.0417485 -1.19177 1.8 1.71452 0.914694 0.00012389
smallMot -9.45828 0.632924 -1.2517 2.75299 1.70528 0.834508 -3.14147
smallMot 11.9637 3.64513 -1.19385 3.9626 1.8 1.17793 -0.0260345
smallMot -13.7218 4.11546 -1.11444 4.11715 1.8 1.72484 3.10684
smallMot -18.6174 11.3892 -1.53631 1.70385 1.07504 0.820149 -3.14147
